221,5
221,4
217,4
217,3
217,1
217,0
205,4
203,3
203,1
218,5
203,0
218,4
219,1
202,4
202,2
219,3
5,3
219,0
5,2
5,1
202,1
5,0
4,3
202,3
4,2
202,0
4,1
220,1
4,0
3,6
220,3
3,5
220,0
222,1
3,4
222,3
3,3
3,2
222,0
3,1
205,1
3,0
205,3
2,2
205,0
1,2
1,3
1,1
1,0
221,1
221,3
0,408
221,0
218,1
218,3
218,0
0,322
0,319
2,1
2,3
0,243
2,0
0,9
0,310
0,305
0,308
0,304
0,303
0,302
0,307
0,12
0,10
0,8
0,0
0,360
0,300
0,416
0,299
0,435
0,298
0,434
0,297
0,415
0,296
0,414
0,295
0,413
0,294
0,412
0,293
0,433
0,292
0,411
0,291
0,349
0,290
0,409
0,289
0,344
0,288
0,432
0,287
0,431
0,286
0,406
0,285
0,405
0,284
0,404
0,283
0,403
0,282
0,337
0,281
0,400
0,280
0,399
0,279
0,401
0,278
0,398
0,277
0,396
0,276
0,395
0,275
0,397
0,274
0,394
0,273
0,393
0,272
0,392
0,271
0,391
0,270
0,389
0,269
0,388
0,268
0,390
0,267
0,386
0,266
0,385
0,265
0,387
0,264
0,383
0,263
0,382
0,262
0,324
0,261
0,380
0,260
0,379
0,259
0,359
0,258
0,430
0,257
0,429
0,256
0,378
0,255
0,254
0,376
0,253
0,353
0,252
0,342
0,251
0,427
0,250
0,249
0,426
0,248
0,374
0,247
0,425
0,246
0,424
0,245
0,372
0,244
0,242
0,373
0,241
0,334
0,240
0,442
0,239
0,370
0,238
0,369
0,237
0,368
0,236
0,422
0,235
0,361
0,234
0,447
0,233
0,420
0,232
0,419
0,231
0,446
0,230
0,418
0,229
0,365
0,228
0,364
0,227
0,445
0,226
0,351
0,225
0,333
0,224
0,330
0,223
0,348
0,222
0,358
0,221
0,357
0,220
0,219
0,355
0,218
0,354
0,217
0,347
0,216
0,215
0,352
0,214
0,326
0,213
0,439
0,212
0,345
0,211
0,332
0,210
0,438
0,209
0,343
0,208
0,346
0,207
0,371
0,206
0,336
0,205
0,335
0,204
0,444
0,203
0,331
0,202
0,325
0,201
0,443
0,200
0,441
0,199
0,421
0,198
0,329
0,197
0,328
0,196
0,327
0,195
0,341
0,367
0,194
0,362
0,193
0,440
0,192
0,323
0,63
0,356
0,62
0,423
0,61
0,339
0,366
0,60
0,321
0,59
0,320
0,58
0,350
0,57
0,318
0,56
0,340
0,55
0,338
0,54
0,317
0,53
0,316
0,52
0,315
0,363
0,51
0,314
0,50
0,313
0,49
0,312
0,48
0,311
0,47
0,309
0,46
0,306
0,45
0,301
0,6
0,5
0,1
0,11
0,4
0,2
0,3
0,7
